  5.  0.000514366338
  15.  0.000514659321
  25.  0.000515222849
  35.  0.000516057792
  45.  0.000517164333
  55.  0.000518543724
  65.  0.000520188768
  75.  0.000522114897
  85.  0.000524323685
  95.  0.000526800165
  105.  0.000529552543
  115.  0.000532581817
  125.  0.000535888356
  135.  0.000539473881
  145.  0.000543337004
  155.  0.000547480055
  165.  0.000551902576
  175.  0.000556606761
  185.  0.000561592262
  195.  0.00056685982
  205.  0.000572410896
  215.  0.000578245999
  225.  0.000584365875
  235.  0.000590771429
  245.  0.000597462551
  255.  0.000604440659
  265.  0.000611706913
  275.  0.000619260931
  285.  0.000627104307
  295.  0.000635215853
  305.  0.000643661625
  315.  0.00065237847
  325.  0.000661386992
  335.  0.000670689098
  345.  0.000680285269
  355.  0.000690176292
  365.  0.000700364372
  375.  0.000710847583
  385.  0.000721629052
  395.  0.000732709076
  405.  0.000744088866
  415.  0.00075576907
  425.  0.000767750496
  435.  0.000780034988
  445.  0.000792621713
  455.  0.000805512277
  465.  0.000818708158
  475.  0.000832210925
  485.  0.000846019855
  495.  0.000860138067
  505.  0.000874567442
  515.  0.00088930118
  525.  0.000904350196
  535.  0.000919709218
  545.  0.000935450703
  555.  0.000951372408
  565.  0.000967676624
  575.  0.000984301657
  585.  0.00100123716
  595.  0.00101849639
  605.  0.00103607753
  615.  0.0010539823
  625.  0.0010722086
  635.  0.00109076056
  645.  0.0011096403
  655.  0.00112884968
  665.  0.00114839037
  675.  0.00116826029
  685.  0.0011884659
  695.  0.00120900407
  705.  0.00122988246
  715.  0.00125110363
  725.  0.00127266456
  735.  0.00129457107
  745.  0.00131682706
  755.  0.00133943578
  765.  0.00136239696
  775.  0.00138572847
  785.  0.0014094008
  795.  0.00143345106
  805.  0.00145786703
  815.  0.00148266703
  825.  0.00150786152
  835.  0.00153343995
  845.  0.00155940965
  855.  0.00158579993
  865.  0.00161261546
  875.  0.00163987734
  885.  0.00166760766
  895.  0.00169582915
  905.  0.00172457967
  915.  0.0017539141
  925.  0.00178392992
  935.  0.00181474071
  945.  0.00184655508
  955.  0.0018797146
  965.  0.00191491436
  975.  0.00195394762
  985.  0.0020028274
  995.  0.00209165279
