  5.  0.000456409165
  15.  0.000456651982
  25.  0.000457197002
  35.  0.000458037916
  45.  0.000459189029
  55.  0.000460654877
  65.  0.000462417589
  75.  0.000464487615
  85.  0.000466863147
  95.  0.000469547633
  105.  0.000472541299
  115.  0.000475844516
  125.  0.000479458451
  135.  0.000483382673
  145.  0.000487622209
  155.  0.000492173791
  165.  0.000497038727
  175.  0.000502219084
  185.  0.000507715352
  195.  0.000513528675
  205.  0.000519659855
  215.  0.000526109761
  225.  0.000532879269
  235.  0.000539969464
  245.  0.000547381483
  255.  0.000555114937
  265.  0.000563172874
  275.  0.000571554637
  285.  0.00058026207
  295.  0.000589295594
  305.  0.000598657456
  315.  0.000608347086
  325.  0.000618366534
  335.  0.000628716805
  345.  0.000639398414
  355.  0.000650413409
  365.  0.000661761283
  375.  0.000673444354
  385.  0.000685463968
  395.  0.00069782067
  405.  0.000710516039
  415.  0.000723550762
  425.  0.000736924233
  435.  0.000750644291
  445.  0.000764704689
  455.  0.000779109942
  465.  0.000793860867
  475.  0.000808958997
  485.  0.000824404808
  495.  0.00084020286
  505.  0.000856350264
  515.  0.000872849127
  525.  0.000889703901
  535.  0.00090691088
  545.  0.000924477095
  555.  0.000942401306
  565.  0.000960685401
  575.  0.000979331509
  585.  0.000998341193
  595.  0.00101771568
  605.  0.00103745823
  615.  0.00105757001
  625.  0.00107805208
  635.  0.00109890759
  645.  0.00112013884
  655.  0.00114174717
  665.  0.00116373914
  675.  0.0011861103
  685.  0.00120886738
  695.  0.00123201127
  705.  0.00125554737
  715.  0.00127948076
  725.  0.00130380935
  735.  0.0013285392
  745.  0.00135367569
  755.  0.00137922322
  765.  0.00140518597
  775.  0.00143157981
  785.  0.00145837907
  795.  0.00148562515
  805.  0.00151330699
  815.  0.00154144404
  825.  0.00157004306
  835.  0.00159910257
  845.  0.0016286494
  855.  0.00165870016
  865.  0.00168927115
  875.  0.00172039194
  885.  0.00175209403
  895.  0.00178441066
  905.  0.00181739889
  915.  0.00185113217
  925.  0.001885737
  935.  0.00192137103
  945.  0.00195830515
  955.  0.0019969859
  965.  0.00203834074
  975.  0.00208441305
  985.  0.00214246955
  995.  0.00224837042
