  0.500000000000000       8.840520558790407E-003
   1.50000000000000       8.843789256746792E-003
   2.50000000000000       8.847645749136308E-003
   3.50000000000000       8.852090255184523E-003
   4.50000000000000       8.857121063160882E-003
   5.50000000000000       8.862739332678560E-003
   6.50000000000000       8.868941168338789E-003
   7.50000000000000       8.875734012405262E-003
   8.50000000000000       8.883110905349862E-003
   9.50000000000000       8.891073447423911E-003
   10.5000000000000       8.899622954910731E-003
   11.5000000000000       8.908756428349211E-003
   12.5000000000000       8.918429158652437E-003
   13.5000000000000       8.928780383383723E-003
   14.5000000000000       8.939643678502725E-003
   15.5000000000000       8.951123973851508E-003
   16.5000000000000       8.963201358539378E-003
   17.5000000000000       8.975845931493488E-003
   18.5000000000000       8.989075092505070E-003
   19.5000000000000       9.002888563798432E-003
   20.5000000000000       9.017288555286392E-003
   21.5000000000000       9.032272441526830E-003
   22.5000000000000       9.047781053945856E-003
   23.5000000000000       9.063936178145103E-003
   24.5000000000000       9.080676741809819E-003
   25.5000000000000       9.098054629845203E-003
   26.5000000000000       9.115958817763949E-003
   27.5000000000000       9.134448492177562E-003
   28.5000000000000       9.153519007378517E-003
   29.5000000000000       9.173187386752667E-003
   30.5000000000000       9.193672390002421E-003
   31.5000000000000       9.214236929207113E-003
   32.5000000000000       9.235639324706748E-003
   33.5000000000000       9.257629388666311E-003
   34.5000000000000       9.280198855110106E-003
   35.5000000000000       9.303347392274836E-003
   36.5000000000000       9.327091713465911E-003
   37.5000000000000       9.351418406386093E-003
   38.5000000000000       9.376329279332810E-003
   39.5000000000000       9.401833146707962E-003
   40.5000000000000       9.427917652686470E-003
   41.5000000000000       9.454594883401279E-003
   42.5000000000000       9.481857033720698E-003
   43.5000000000000       9.509712913569043E-003
   44.5000000000000       9.538158317314520E-003
   45.5000000000000       9.567193399548080E-003
   46.5000000000000       9.596820973835393E-003
   47.5000000000000       9.627032043992768E-003
   48.5000000000000       9.657848758199835E-003
   49.5000000000000       9.689250132654871E-003
   50.5000000000000       9.721248907909727E-003
   51.5000000000000       9.753820795416361E-003
   52.5000000000000       9.787072611029584E-003
   53.5000000000000       9.820825851981893E-003
   54.5000000000000       9.855220731700485E-003
   55.5000000000000       9.890222176560529E-003
   56.5000000000000       9.925832445253387E-003
   57.5000000000000       9.962054389305851E-003
   58.5000000000000       9.998895979835916E-003
   59.5000000000000       1.003637793640917E-002
   60.5000000000000       1.007445970465875E-002
   61.5000000000000       1.011319343366571E-002
   62.5000000000000       1.015256725963370E-002
   63.5000000000000       1.019261139708134E-002
   64.5000000000000       1.023330223866951E-002
   65.5000000000000       1.027466270523890E-002
   66.5000000000000       1.031670433647572E-002
   67.5000000000000       1.035943199359492E-002
   68.5000000000000       1.040291009246441E-002
   69.5000000000000       1.044702517263936E-002
   70.5000000000000       1.049190844423939E-002
   71.5000000000000       1.053755958815807E-002
   72.5000000000000       1.058398772274986E-002
   73.5000000000000       1.063119984389629E-002
   74.5000000000000       1.067931684726698E-002
   75.5000000000000       1.072829964962634E-002
   76.5000000000000       1.077821439072822E-002
   77.5000000000000       1.082912610639674E-002
   78.5000000000000       1.088110562802034E-002
   79.5000000000000       1.093421190058175E-002
   80.5000000000000       1.098856227648615E-002
   81.5000000000000       1.104424093432333E-002
   82.5000000000000       1.110138718417317E-002
   83.5000000000000       1.116011739891774E-002
   84.5000000000000       1.122059999498861E-002
   85.5000000000000       1.128288406146048E-002
   86.5000000000000       1.134730229361239E-002
   87.5000000000000       1.141423986389618E-002
   88.5000000000000       1.148397234326791E-002
   89.5000000000000       1.155719761368215E-002
   90.5000000000000       1.163433078294311E-002
   91.5000000000000       1.171633978176242E-002
   92.5000000000000       1.180478341447291E-002
   93.5000000000000       1.190251801287776E-002
   94.5000000000000       1.200722212962579E-002
   95.5000000000000       1.211767859903787E-002
   96.5000000000000       1.222788287930037E-002
   97.5000000000000       1.230418650691499E-002
   98.5000000000000       1.229106877750838E-002
   99.5000000000000       1.349107535694169E-002
