  0.500000000000000       4.699768260506915E-003
   1.50000000000000       4.697816748867001E-003
   2.50000000000000       4.699143556638173E-003
   3.50000000000000       4.703743735425466E-003
   4.50000000000000       4.711638473251266E-003
   5.50000000000000       4.722269856611458E-003
   6.50000000000000       4.737267743964099E-003
   7.50000000000000       4.755001332573924E-003
   8.50000000000000       4.776024051610978E-003
   9.50000000000000       4.800340584895538E-003
   10.5000000000000       4.827942697767314E-003
   11.5000000000000       4.858836407667001E-003
   12.5000000000000       4.893022267225477E-003
   13.5000000000000       4.930500246132171E-003
   14.5000000000000       4.971275023471225E-003
   15.5000000000000       5.015348596621342E-003
   16.5000000000000       5.062717637070689E-003
   17.5000000000000       5.113383816498356E-003
   18.5000000000000       5.167534767891191E-003
   19.5000000000000       5.224625054134528E-003
   20.5000000000000       5.285202733215640E-003
   21.5000000000000       5.349092092760180E-003
   22.5000000000000       5.416291695537311E-003
   23.5000000000000       5.486796400624592E-003
   24.5000000000000       5.560618955353225E-003
   25.5000000000000       5.637755573392509E-003
   26.5000000000000       5.718182752363799E-003
   27.5000000000000       5.801938956539351E-003
   28.5000000000000       5.889009408402411E-003
   29.5000000000000       5.979396115701502E-003
   30.5000000000000       6.073107227743490E-003
   31.5000000000000       6.170128530448092E-003
   32.5000000000000       6.270471717650418E-003
   33.5000000000000       6.374137467181859E-003
   34.5000000000000       6.481127664351861E-003
   35.5000000000000       6.591445741717783E-003
   36.5000000000000       6.705092467638143E-003
   37.5000000000000       6.822075391839761E-003
   38.5000000000000       6.942301304746096E-003
   39.5000000000000       7.065955346415464E-003
   40.5000000000000       7.193037831906330E-003
   41.5000000000000       7.323368541869377E-003
   42.5000000000000       7.457044919991443E-003
   43.5000000000000       7.594068485236913E-003
   44.5000000000000       7.734437938940162E-003
   45.5000000000000       7.878148974984497E-003
   46.5000000000000       8.025208246195580E-003
   47.5000000000000       8.175628346581811E-003
   48.5000000000000       8.329376879843968E-003
   49.5000000000000       8.486485165886881E-003
   50.5000000000000       8.646958408470769E-003
   51.5000000000000       8.810775223847635E-003
   52.5000000000000       8.977964368613136E-003
   53.5000000000000       9.148510772427764E-003
   54.5000000000000       9.322430771193964E-003
   55.5000000000000       9.499716259216832E-003
   56.5000000000000       9.680378848087921E-003
   57.5000000000000       9.864420713833637E-003
   58.5000000000000       1.005185318293857E-002
   59.5000000000000       1.024267475165839E-002
   60.5000000000000       1.043692286849963E-002
   61.5000000000000       1.063457197474270E-002
   62.5000000000000       1.083564117041065E-002
   63.5000000000000       1.104014386612101E-002
   64.5000000000000       1.124807352919750E-002
   65.5000000000000       1.145946110867552E-002
   66.5000000000000       1.167429794728314E-002
   67.5000000000000       1.189260081539118E-002
   68.5000000000000       1.211440256447922E-002
   69.5000000000000       1.233965296834983E-002
   70.5000000000000       1.256846422726894E-002
   71.5000000000000       1.280079654976080E-002
   72.5000000000000       1.303669345270569E-002
   73.5000000000000       1.327619246397243E-002
   74.5000000000000       1.351934323386904E-002
   75.5000000000000       1.376618828145370E-002
   76.5000000000000       1.401682666591005E-002
   77.5000000000000       1.427119858857281E-002
   78.5000000000000       1.452956800705046E-002
   79.5000000000000       1.479186915931094E-002
   80.5000000000000       1.505830663537413E-002
   81.5000000000000       1.532895802920440E-002
   82.5000000000000       1.560400226975255E-002
   83.5000000000000       1.588355112573792E-002
   84.5000000000000       1.616769114143243E-002
   85.5000000000000       1.645663501893967E-002
   86.5000000000000       1.675041598693964E-002
   87.5000000000000       1.704958625201226E-002
   88.5000000000000       1.735470425067825E-002
   89.5000000000000       1.766645976178851E-002
   90.5000000000000       1.798499322519162E-002
   91.5000000000000       1.831077559693686E-002
   92.5000000000000       1.864683424412105E-002
   93.5000000000000       1.899599954152160E-002
   94.5000000000000       1.934838071465561E-002
   95.5000000000000       1.969402936494790E-002
   96.5000000000000       2.000357702838324E-002
   97.5000000000000       2.016672445331439E-002
   98.5000000000000       1.997228592003772E-002
   99.5000000000000       2.187236296183166E-002
