  0.500000000000000       4.122689571881003E-003
   1.50000000000000       4.123379035751675E-003
   2.50000000000000       4.127475314723983E-003
   3.50000000000000       4.134988691446879E-003
   4.50000000000000       4.145919934420065E-003
   5.50000000000000       4.160271383622125E-003
   6.50000000000000       4.178043597521642E-003
   7.50000000000000       4.199248577605112E-003
   8.50000000000000       4.223881595445753E-003
   9.50000000000000       4.251949784084809E-003
   10.5000000000000       4.283454532201452E-003
   11.5000000000000       4.318400443388584E-003
   12.5000000000000       4.356792489133581E-003
   13.5000000000000       4.398635946593212E-003
   14.5000000000000       4.443924649297983E-003
   15.5000000000000       4.492674789461599E-003
   16.5000000000000       4.544887131479797E-003
   17.5000000000000       4.600554324127505E-003
   18.5000000000000       4.659703338264125E-003
   19.5000000000000       4.722323359602732E-003
   20.5000000000000       4.788420253706283E-003
   21.5000000000000       4.858003383489363E-003
   22.5000000000000       4.931072261209455E-003
   23.5000000000000       5.007632247070206E-003
   24.5000000000000       5.087980993737314E-003
   25.5000000000000       5.171256935739454E-003
   26.5000000000000       5.258317342083286E-003
   27.5000000000000       5.348897939126586E-003
   28.5000000000000       5.442991596259762E-003
   29.5000000000000       5.540598628599241E-003
   30.5000000000000       5.641758861717192E-003
   31.5000000000000       5.746441187237396E-003
   32.5000000000000       5.854657851248544E-003
   33.5000000000000       5.966422334835474E-003
   34.5000000000000       6.081738407899139E-003
   35.5000000000000       6.200616809946050E-003
   36.5000000000000       6.323061832311882E-003
   37.5000000000000       6.449088534483868E-003
   38.5000000000000       6.578694136343876E-003
   39.5000000000000       6.711899002879430E-003
   40.5000000000000       6.848699529019581E-003
   41.5000000000000       6.989077437366981E-003
   42.5000000000000       7.133147173230824E-003
   43.5000000000000       7.280803561371982E-003
   44.5000000000000       7.432116417681716E-003
   45.5000000000000       7.587063442039391E-003
   46.5000000000000       7.745669924915975E-003
   47.5000000000000       7.907936444465151E-003
   48.5000000000000       8.073888610107773E-003
   49.5000000000000       8.243287336801252E-003
   50.5000000000000       8.416871604687542E-003
   51.5000000000000       8.593932718082229E-003
   52.5000000000000       8.774724489545496E-003
   53.5000000000000       8.959258706590444E-003
   54.5000000000000       9.147558898651161E-003
   55.5000000000000       9.339618087600249E-003
   56.5000000000000       9.535499134175006E-003
   57.5000000000000       9.735198918856353E-003
   58.5000000000000       9.938743364733514E-003
   59.5000000000000       1.014618447722240E-002
   60.5000000000000       1.035747024125100E-002
   61.5000000000000       1.057270508631631E-002
   62.5000000000000       1.079190505611187E-002
   63.5000000000000       1.101507712227432E-002
   64.5000000000000       1.124224441792374E-002
   65.5000000000000       1.147348747247944E-002
   66.5000000000000       1.170882284222715E-002
   67.5000000000000       1.194829252691452E-002
   68.5000000000000       1.219194685591703E-002
   69.5000000000000       1.243983487277453E-002
   70.5000000000000       1.269202466578463E-002
   71.5000000000000       1.294856157467626E-002
   72.5000000000000       1.320956440367346E-002
   73.5000000000000       1.347510450279838E-002
   74.5000000000000       1.374526108980925E-002
   75.5000000000000       1.402016010578048E-002
   76.5000000000000       1.429992951433025E-002
   77.5000000000000       1.458474493924842E-002
   78.5000000000000       1.487475741339720E-002
   79.5000000000000       1.517014284344510E-002
   80.5000000000000       1.547116794871047E-002
   81.5000000000000       1.577806356402521E-002
   82.5000000000000       1.609116336310478E-002
   83.5000000000000       1.641078429589756E-002
   84.5000000000000       1.673736689117802E-002
   85.5000000000000       1.707112631595551E-002
   86.5000000000000       1.741288747710532E-002
   87.5000000000000       1.776333497637641E-002
   88.5000000000000       1.812352760394530E-002
   89.5000000000000       1.849469808353087E-002
   90.5000000000000       1.887808763290544E-002
   91.5000000000000       1.927582584321486E-002
   92.5000000000000       1.969123139284935E-002
   93.5000000000000       2.013044520669340E-002
   94.5000000000000       2.059068987500096E-002
   95.5000000000000       2.107217101689524E-002
   96.5000000000000       2.156825527386801E-002
   97.5000000000000       2.202892436591367E-002
   98.5000000000000       2.237950279511385E-002
   99.5000000000000       2.496067922346019E-002
