# Generated with nusigma (trunk @ rev 56)                
# PDF used: CTEQ6-DIS (set 2)                       
# Qmin = 0.300000E+00
   1.00000000000000       1.643003151665342E-039
   1.58489319246111       2.329999634685157E-039
   2.51188643150958       3.379078722837933E-039
   3.98107170553497       4.979424904285713E-039
   6.30957344480193       7.413421387137186E-039
   10.0000000000000       1.111930073779297E-038
   15.8489319246111       1.677123445130396E-038
   25.1188643150958       2.540421626764542E-038
   39.8107170553497       3.860886799471299E-038
   63.0957344480193       5.886064213365206E-038
   100.000000000000       8.981772552766436E-038
   158.489319246111       1.370085692622019E-037
   251.188643150958       2.086056372613445E-037
   398.107170553497       3.163605230638808E-037
   630.957344480193       4.764157493078178E-037
   1000.00000000000       7.094724623762279E-037
   1584.89319246111       1.038936220964246E-036
   2511.88643150958       1.485626593251849E-036
   3981.07170553497       2.058488281464122E-036
   6309.57344480193       2.743546041270024E-036
   10000.0000000000       3.502663928625766E-036
   15848.9319246111       4.288978400368104E-036
   25118.8643150958       5.085672246048484E-036
   39810.7170553497       5.949029901787110E-036
   63095.7344480193       6.988867276491795E-036
   100000.000000000       8.305903479934299E-036
   158489.319246111       9.964827027895033E-036
   251188.643150958       1.203048182154417E-035
   398107.170553497       1.457320883233435E-035
   630957.344480193       1.766482268683330E-035
   1000000.00000000       2.138010759412192E-035
   1584893.19246111       2.583807525131364E-035
   2511886.43150958       3.114372848892246E-035
   3981071.70553497       3.738795254109069E-035
   6309573.44480193       4.465330961264440E-035
   10000000.0000000       5.318521924867190E-035
   15848931.9246111       6.312531809740021E-035
   25118864.3150958       7.462758440253491E-035
   39810717.0553497       8.787517074799065E-035
   63095734.4480193       1.032456001975385E-034
   100000000.000000       1.209654960229948E-034
   158489319.246111       1.412606140312683E-034
   251188643.150958       1.648404174820811E-034
   398107170.553497       1.924288468074845E-034
   630957344.480194       2.241458571241137E-034
   1000000000.00000       2.605649217155923E-034
   1584893192.46111       3.020214975601155E-034
   2511886431.50958       3.494728045503670E-034
   3981071705.53497       4.037172487610670E-034
   6309573444.80194       4.652063922781804E-034
   10000000000.0000       5.349348246050235E-034
   15848931924.6111       6.158055057437216E-034
   25118864315.0958       7.094308114888825E-034
   39810717055.3497       8.173590758301097E-034
   63095734448.0194       9.410758675304878E-034
   100000000000.000       1.082005852660660E-033
   158489319246.111       1.241180613366188E-033
   251188643150.958       1.419257465664846E-033
   398107170553.497       1.616072168714140E-033
   630957344480.194       1.830434254462368E-033
   1000000000000.00       2.059904926495737E-033
